  59736 1004
 699550 1014
 223786 1051
 576648 1166
 135050 130
 126745 1328
   8818 1557
 140136 1568
  17537 171
 485515 1757
 323300 1759
  20514 1847
 861973 185
 269424 1911
 121350 1989
 359949 20
   6087 2065
  46357 2230
 378162 23
 518510 2337
   1606 2369
 369335 24
  12533 2403
 388055 25
 445488 2509
 382157 2632
 103012 2698
1599169 273
 390313 28
     44 2957
1124160 367
   1526 372
1138467 380
 418325 40
  45533 41
 121157 432
  29032 491
1506867 61
 277312 628
 557909 646
1252493 673
 634342 75
 722848 778
1065966 833
 117997 84
 674307 89
